20170409 2:20 4 9
20170409 3:11 8 13
20170409 4:00 12 17
20170409 5:44 16 21
20170409 6:00 20 25
20170409 7:00 24 29
20170409 8:55 28 33
20170409 9:00 32 37
20170409 10:30 36 41
20170409 11:00 40 45
20170409 12:00 44 49
20170409 13:00 48 53
20170409 14:00 52 57
20170409 15:00 56 61
20170409 16:00 60 65
20170409 17:00 64 69
20170409 18:00 68 73
20170409 19:00 72 77
20170409 20:00 76 81
20170409 21:00 80 85
20170409 22:00 84 89
20170409 23:00 88 93
20170409 24:00 92 97
20170710 0:00 96 101
20170710 1:00 100 105
20170710 2:43 104 109
20170710 3:00 108 113
20170710 4:00 112 117
20170710 5:23 116 121
20170710 6:00 120 125
20170710 7:54 124 129
20170710 8:00 128 133
20170710 9:00 132 137
20170710 10:00 136 141
20170710 11:00 140 145
20170710 12:00 144 149
20170710 13:00 148 153
